function k_ele = get_element_stiffness(E,nu,element_size)

    k_ele = 1/144*element_size*E*(-1+nu)/(-nu^2+1)/(-1+2*nu)*...
            [
            32-48*nu 6 6 -8 24*nu-6 24*nu-6 4 -24*nu+6 3 -10+12*nu -6 12*nu-3 4 3 -24*nu+6 -10+12*nu 12*nu-3 -6 -4+12*nu -12*nu+3 -12*nu+3 -8+12*nu -3 -3;
            6 32-48*nu 6 -24*nu+6 4 3 24*nu-6 -8 24*nu-6 -6 -10+12*nu 12*nu-3 3 4 -24*nu+6 -12*nu+3 -4+12*nu -12*nu+3 12*nu-3 -10+12*nu -6 -3 -8+12*nu -3;
            6 6 32-48*nu -24*nu+6 3 4 3 -24*nu+6 4 -12*nu+3 -12*nu+3 -4+12*nu 24*nu-6 24*nu-6 -8 -6 12*nu-3 -10+12*nu 12*nu-3 -6 -10+12*nu -3 -3 -8+12*nu;
            -8 -24*nu+6 -24*nu+6 32-48*nu -6 -6 -10+12*nu 6 -12*nu+3 4 24*nu-6 -3 -10+12*nu -12*nu+3 6 4 -3 24*nu-6 -8+12*nu 3 3 -4+12*nu 12*nu-3 12*nu-3;
            24*nu-6 4 3 -6 32-48*nu 6 6 -10+12*nu 12*nu-3 -24*nu+6 -8 24*nu-6 12*nu-3 -4+12*nu -12*nu+3 -3 4 -24*nu+6 3 -8+12*nu -3 -12*nu+3 -10+12*nu -6;
            24*nu-6 3 4 -6 6 32-48*nu 12*nu-3 -12*nu+3 -4+12*nu -3 -24*nu+6 4 6 12*nu-3 -10+12*nu -24*nu+6 24*nu-6 -8 3 -3 -8+12*nu -12*nu+3 -6 -10+12*nu;
            4 24*nu-6 3 -10+12*nu 6 12*nu-3 32-48*nu -6 6 -8 -24*nu+6 24*nu-6 -4+12*nu 12*nu-3 -12*nu+3 -8+12*nu 3 -3 4 -3 -24*nu+6 -10+12*nu -12*nu+3 -6;
            -24*nu+6 -8 -24*nu+6 6 -10+12*nu -12*nu+3 -6 32-48*nu -6 24*nu-6 4 -3 -12*nu+3 -10+12*nu 6 3 -8+12*nu 3 -3 4 24*nu-6 12*nu-3 -4+12*nu 12*nu-3;
            3 24*nu-6 4 -12*nu+3 12*nu-3 -4+12*nu 6 -6 32-48*nu -24*nu+6 -3 4 12*nu-3 6 -10+12*nu -3 3 -8+12*nu 24*nu-6 -24*nu+6 -8 -6 -12*nu+3 -10+12*nu;
            -10+12*nu -6 -12*nu+3 4 -24*nu+6 -3 -8 24*nu-6 -24*nu+6 32-48*nu 6 -6 -8+12*nu -3 3 -4+12*nu -12*nu+3 12*nu-3 -10+12*nu 12*nu-3 6 4 3 24*nu-6;
            -6 -10+12*nu -12*nu+3 24*nu-6 -8 -24*nu+6 -24*nu+6 4 -3 6 32-48*nu -6 -3 -8+12*nu 3 12*nu-3 -10+12*nu 6 -12*nu+3 -4+12*nu 12*nu-3 3 4 24*nu-6;
            12*nu-3 12*nu-3 -4+12*nu -3 24*nu-6 4 24*nu-6 -3 4 -6 -6 32-48*nu 3 3 -8+12*nu -12*nu+3 6 -10+12*nu 6 -12*nu+3 -10+12*nu -24*nu+6 -24*nu+6 -8;
            4 3 24*nu-6 -10+12*nu 12*nu-3 6 -4+12*nu -12*nu+3 12*nu-3 -8+12*nu -3 3 32-48*nu 6 -6 -8 24*nu-6 -24*nu+6 4 -24*nu+6 -3 -10+12*nu -6 -12*nu+3;
            3 4 24*nu-6 -12*nu+3 -4+12*nu 12*nu-3 12*nu-3 -10+12*nu 6 -3 -8+12*nu 3 6 32-48*nu -6 -24*nu+6 4 -3 24*nu-6 -8 -24*nu+6 -6 -10+12*nu -12*nu+3;
            -24*nu+6 -24*nu+6 -8 6 -12*nu+3 -10+12*nu -12*nu+3 6 -10+12*nu 3 3 -8+12*nu -6 -6 32-48*nu 24*nu-6 -3 4 -3 24*nu-6 4 12*nu-3 12*nu-3 -4+12*nu;
            -10+12*nu -12*nu+3 -6 4 -3 -24*nu+6 -8+12*nu 3 -3 -4+12*nu 12*nu-3 -12*nu+3 -8 -24*nu+6 24*nu-6 32-48*nu -6 6 -10+12*nu 6 12*nu-3 4 24*nu-6 3;
            12*nu-3 -4+12*nu 12*nu-3 -3 4 24*nu-6 3 -8+12*nu 3 -12*nu+3 -10+12*nu 6 24*nu-6 4 -3 -6 32-48*nu -6 6 -10+12*nu -12*nu+3 -24*nu+6 -8 -24*nu+6;
            -6 -12*nu+3 -10+12*nu 24*nu-6 -24*nu+6 -8 -3 3 -8+12*nu 12*nu-3 6 -10+12*nu -24*nu+6 -3 4 6 -6 32-48*nu -12*nu+3 12*nu-3 -4+12*nu 3 24*nu-6 4;
            -4+12*nu 12*nu-3 12*nu-3 -8+12*nu 3 3 4 -3 24*nu-6 -10+12*nu -12*nu+3 6 4 24*nu-6 -3 -10+12*nu 6 -12*nu+3 32-48*nu -6 -6 -8 -24*nu+6 -24*nu+6;
            -12*nu+3 -10+12*nu -6 3 -8+12*nu -3 -3 4 -24*nu+6 12*nu-3 -4+12*nu -12*nu+3 -24*nu+6 -8 24*nu-6 6 -10+12*nu 12*nu-3 -6 32-48*nu 6 24*nu-6 4 3;
            -12*nu+3 -6 -10+12*nu 3 -3 -8+12*nu -24*nu+6 24*nu-6 -8 6 12*nu-3 -10+12*nu -3 -24*nu+6 4 12*nu-3 -12*nu+3 -4+12*nu -6 6 32-48*nu 24*nu-6 3 4;
            -8+12*nu -3 -3 -4+12*nu -12*nu+3 -12*nu+3 -10+12*nu 12*nu-3 -6 4 3 -24*nu+6 -10+12*nu -6 12*nu-3 4 -24*nu+6 3 -8 24*nu-6 24*nu-6 32-48*nu 6 6;
            -3 -8+12*nu -3 12*nu-3 -10+12*nu -6 -12*nu+3 -4+12*nu -12*nu+3 3 4 -24*nu+6 -6 -10+12*nu 12*nu-3 24*nu-6 -8 24*nu-6 -24*nu+6 4 3 6 32-48*nu 6;
            -3 -3 -8+12*nu 12*nu-3 -6 -10+12*nu -6 12*nu-3 -10+12*nu 24*nu-6 24*nu-6 -8 -12*nu+3 -12*nu+3 -4+12*nu 3 -24*nu+6 4 -24*nu+6 3 4 6 6 32-48*nu;
            ];
end